{
  "run_id": "layers1_topk16_row",
  "finished_at": 1781712232.6007109,
  "last_checkpoint": "outputs/sequential-search/layers1_topk16_row/checkpoint-1000",
  "metrics": {
    "epoch": 0.279935614808594,
    "graph_avg_degree": 16.0,
    "graph_sparsity": 0.96875,
    "graph_surviving_edge_pct": 3.125,
    "total_flos": 5.96624912941056e+16,
    "train_loss": 8.871196502685548,
    "train_runtime": 2699.1657,
    "train_samples_per_second": 23.711,
    "train_steps_per_second": 0.37,
    "eval_loss": 2.7141878604888916,
    "eval_runtime": 8.654,
    "eval_samples_per_second": 55.35,
    "eval_steps_per_second": 3.467,
    "perplexity": 15.09234800118616
  }
}