{
  "run_id": "layers2_threshold010_row",
  "finished_at": 1781793675.7967885,
  "last_checkpoint": "outputs/sequential-search/layers2_threshold010_row/checkpoint-1000",
  "metrics": {
    "epoch": 0.279935614808594,
    "graph_avg_degree": 18.404754638671875,
    "graph_sparsity": 0.964053213596344,
    "graph_surviving_edge_pct": 3.5946786403656006,
    "total_flos": 5.96753761959936e+16,
    "train_loss": 12.692260162353517,
    "train_runtime": 3569.8735,
    "train_samples_per_second": 17.928,
    "train_steps_per_second": 0.28,
    "eval_loss": 2.720247745513916,
    "eval_runtime": 8.1661,
    "eval_samples_per_second": 58.657,
    "eval_steps_per_second": 3.674,
    "perplexity": 15.18408356759605
  }
}